((("CWE" .
   [1 0 0])
  ("empty" .
   [1 0 0 0 0])
  ("l1d_load_misses_y_train" .
   [1 0 0 0 0 0 0 0 0 0 0 0 0 0 0 0 1 0 0 0 0 0 0])
  ("l1d_load_misses_X_train" .
   [1 0 0 2 1 0 0 0 0 0 0 0 0 0 0 0 0 0 0 0 0 0 0])
  ("append" .
   [3 0 0 0 0 0])
  ("l1_load_misses_X_train" .
   [0 0 0 0 0 0 0 0 0 0 0 0 0 0 0 0 0 0 0 0 0 1])
  ("normalize" .
   [1 0 0 0 0 0 0 0 0])
  ("norm" .
   [2 0 0 0])
  ("no" .
   [1 0])
  ("shape" .
   [7 0 0 0 0])
  ("feature" .
   [4 0 0 0 0 0 2])
  ("CWE78" .
   [0 1 0 0 0])
  ("c" .
   [1])
  ("pad" .
   [1 0 0])
  ("CWE123" .
   [0 1 0 0 0 0])
  ("FEATURE_LEN" .
   [3 0 0 0 0 0 0 0 0 0 0])
  ("THRESHOLD" .
   [0 0 0 0 0 0 0 0 2])
  ("feature_vector" .
   [7 0 0 0 0 0 0 0 2 0 0 0 0 0])
  ("len_arr" .
   [0 0 0 0 1 0 0])
  ("cwe" .
   [2 0 0])
  ("np" .
   [18 0])))
